3  2  0  0  0  1  0  0  0  0  0  0  0 		0
0.0000e+00  0.0000e+00  -9.807e+00  

0.5000e+00  0.0000e+00  5.0000e+00  0.0000e+00  0.0000e+00  0.0000e+00
0.0000e+00  0.0000e+00  0.0000e+00  0.0000e+00  0.0000e+00  0.0000e+00
5.0000e+00  1.0000e+00  1.0000e+00  1.0000e+00  
0.0000e+00  0.0000e+00  0.0000e+00  0.0000e+00  0.0000e+00  0.0000e+00
2           
0.2500e+00  0.2500e+00  0.2500e+00         4.0         4.0         0.8         0.1

-2.000e+00  0.0000e+00  5.0000e+00  0.0000e+00  0.0000e+00  0.0000e+00
0.0000e+00  0.0000e+00  0.0000e+00  0.0000e+00  0.0000e+00  0.0000e+00
4.0000e+00  1.0000e+00  1.0000e+00  1.0000e+00  
0.0000e+00  0.0000e+00  0.0000e+00  0.0000e+00  0.0000e+00  0.0000e+00
2           
1.7500e+00  0.1000e+00  0.1000e+00 	       2.0         2.0         0.8         0.1

-4.500e+00  0.0000e+00  5.0000e+00  0.0000e+00  0.0000e+00  0.0000e+00
0.0000e+00  0.0000e+00  0.0000e+00  0.0000e+00  0.0000e+00  0.0000e+00
4.0000e+00  1.0000e+00  1.0000e+00  1.0000e+00  
0.0000e+00  0.0000e+00  0.0000e+00  0.0000e+00  0.0000e+00  0.0000e+00
2           
0.2500e+00  0.2500e+00  0.2500e+00         4.0         4.0         0.8         0.1

0  1  2    0.0000e+00  0.0000e+00  0.0000e+00  2.5000e+00  0.0000e+00 0.0000e+00
0  2  3   -2.5000e+00  0.0000e+00  0.0000e+00  0.0000e+00  0.0000e+00 0.0000e+00

1

0.0e+00  10.0e+00  1.0000e-03  5
2.0e+00  2.0e+00  1.0000e-03
